[[ -2.00000000e+00  -4.96729209e-05  -9.93457192e-05  -1.49018272e-04
    1.98690458e-04  -2.48362153e-04]
 [ -1.99799800e+00  -9.93457192e-05  -1.98690458e-04  -2.98033236e-04
    3.97373072e-04  -4.96708986e-04]
 [ -1.99599600e+00  -1.49018272e-04  -2.98033236e-04  -4.47041581e-04
    5.96039998e-04  -7.45025180e-04]
 ..., 
 [  1.99599600e+00  -1.49018273e-04   2.98033236e-04  -4.47041581e-04
   -5.96039998e-04  -7.45025180e-04]
 [  1.99799800e+00  -9.93457193e-05   1.98690458e-04  -2.98033236e-04
   -3.97373072e-04  -4.96708986e-04]
 [  2.00000000e+00  -4.96729209e-05   9.93457192e-05  -1.49018272e-04
   -1.98690458e-04  -2.48362153e-04]]